
=== Testing: t_100mb.dat (Averages over 10 tries) ===
Chunk Size (MB) | Avg Time (ms) | Avg Speed (MB/s) | Requests
----------------|---------------|------------------|----------
              5 |        200.20 |           510.89 |       20
             10 |        187.90 |           559.86 |       10
             15 |        154.20 |           653.01 |        7
             20 |        153.50 |           658.20 |        5
             25 |        143.20 |           707.24 |        4
             30 |        135.70 |           741.57 |        4
             35 |        135.10 |           748.55 |        3
             40 |        131.00 |           766.63 |        3
             45 |        135.00 |           745.86 |        3
             50 |        147.50 |           712.11 |        2
             55 |        139.10 |           735.26 |        2
             60 |        138.10 |           738.56 |        2
             65 |        131.40 |           762.79 |        2
             70 |        130.20 |           774.81 |        2
             75 |        126.40 |           792.01 |        2
             80 |        135.60 |           748.10 |        2
             85 |        137.70 |           739.85 |        2
             90 |        129.30 |           779.23 |        2
             95 |        130.10 |           778.31 |        2

=== Testing: t_1gb.dat (Averages over 10 tries) ===
Chunk Size (MB) | Avg Time (ms) | Avg Speed (MB/s) | Requests
----------------|---------------|------------------|----------
              5 |       1329.50 |           791.17 |      205
             10 |       1174.00 |           876.20 |      103
             15 |       1066.10 |           961.02 |       69
             20 |       1122.50 |           914.69 |       52
             25 |       1095.60 |           937.00 |       41
             30 |       1066.80 |           964.27 |       35
             35 |       1053.80 |           975.49 |       30
             40 |       1063.20 |           964.07 |       26
             45 |       1112.80 |           930.10 |       23
             50 |       1117.70 |           919.08 |       21
             55 |       1137.50 |           903.22 |       19
             60 |       1073.60 |           956.01 |       18
             65 |       1407.00 |           785.76 |       16
             70 |       1038.80 |           986.83 |       15
             75 |       1037.00 |           988.29 |       14
             80 |       1058.20 |           971.97 |       13
             85 |       1015.20 |          1009.00 |       13
             90 |       1057.00 |           970.38 |       12
             95 |       1030.00 |           995.40 |       11
            100 |       1057.50 |           975.52 |       11